version = 'MMult_4x4_15';
MY_MMult = [
40 5.565217e+00 2.664535e-15 
80 4.047431e+00 7.105427e-15 
120 6.160428e+00 1.065814e-14 
160 5.439575e+00 1.421085e-14 
200 7.342818e+00 2.131628e-14 
240 6.862249e+00 2.486900e-14 
280 6.570488e+00 2.842171e-14 
320 5.340287e+00 3.552714e-14 
360 5.031381e+00 4.973799e-14 
400 6.452914e+00 4.973799e-14 
440 5.951928e+00 4.973799e-14 
480 6.052043e+00 6.039613e-14 
520 4.666633e+00 6.394885e-14 
560 6.414142e+00 6.750156e-14 
600 6.610963e+00 7.460699e-14 
640 6.686153e+00 8.171241e-14 
680 6.777574e+00 9.237056e-14 
720 6.032876e+00 1.101341e-13 
760 6.119326e+00 1.065814e-13 
800 6.216648e+00 8.881784e-14 
];
