version = 'MMult_1x4_4';
MY_MMult = [
40 1.600000e+00 0.000000e+00 
80 1.780870e+00 0.000000e+00 
120 1.970353e+00 0.000000e+00 
160 2.108080e+00 0.000000e+00 
200 2.017400e+00 0.000000e+00 
240 2.113600e+00 0.000000e+00 
280 2.007132e+00 0.000000e+00 
320 1.879061e+00 0.000000e+00 
360 1.947977e+00 0.000000e+00 
400 2.037568e+00 0.000000e+00 
440 2.139871e+00 0.000000e+00 
480 2.133621e+00 0.000000e+00 
520 2.221155e+00 0.000000e+00 
560 2.218522e+00 0.000000e+00 
600 2.203666e+00 0.000000e+00 
640 2.183287e+00 0.000000e+00 
680 2.181859e+00 0.000000e+00 
720 2.029901e+00 0.000000e+00 
760 2.100957e+00 0.000000e+00 
800 1.948316e+00 0.000000e+00 
];
