version = 'MMult_4x4_9';
MY_MMult = [
40 3.459459e+00 2.664535e-15 
80 3.459459e+00 7.105427e-15 
120 4.287841e+00 1.065814e-14 
160 4.751740e+00 1.421085e-14 
200 3.875969e+00 1.421085e-14 
240 4.222358e+00 1.776357e-14 
280 3.123950e+00 1.776357e-14 
320 3.016895e+00 2.842171e-14 
360 4.596197e+00 2.309264e-14 
400 4.470991e+00 2.842171e-14 
440 3.768286e+00 3.197442e-14 
480 3.586050e+00 3.907985e-14 
520 4.096910e+00 3.907985e-14 
560 4.071925e+00 4.618528e-14 
600 3.188851e+00 4.263256e-14 
640 3.734644e+00 4.440892e-14 
680 3.839523e+00 5.329071e-14 
720 3.774967e+00 4.973799e-14 
760 3.663461e+00 4.973799e-14 
800 2.546301e+00 4.973799e-14 
];
