version = 'MMult_4x4_6';
MY_MMult = [
40 3.764706e+00 2.664535e-15 
80 2.572864e+00 7.105427e-15 
120 4.129032e+00 1.065814e-14 
160 4.681143e+00 1.421085e-14 
200 5.143041e+00 1.421085e-14 
240 5.089838e+00 1.776357e-14 
280 4.650355e+00 1.776357e-14 
320 4.210743e+00 2.842171e-14 
360 2.920289e+00 2.309264e-14 
400 3.714667e+00 2.842171e-14 
440 4.016313e+00 3.197442e-14 
480 3.506794e+00 3.907985e-14 
520 3.650260e+00 3.907985e-14 
560 4.229571e+00 4.618528e-14 
600 4.328354e+00 4.263256e-14 
640 3.223472e+00 4.440892e-14 
680 4.168748e+00 5.329071e-14 
720 3.653384e+00 4.973799e-14 
760 3.612941e+00 4.973799e-14 
800 3.740393e+00 4.973799e-14 
];
