version = 'MMult_4x4_10';
MY_MMult = [
40 5.565217e+00 2.664535e-15 
80 4.248963e+00 7.105427e-15 
120 4.874471e+00 1.065814e-14 
160 4.754498e+00 1.421085e-14 
200 4.812030e+00 1.421085e-14 
240 3.462492e+00 1.776357e-14 
280 3.525293e+00 1.776357e-14 
320 3.839250e+00 2.842171e-14 
360 5.423540e+00 2.309264e-14 
400 5.340900e+00 2.842171e-14 
440 4.998034e+00 3.197442e-14 
480 4.889017e+00 3.907985e-14 
520 4.799727e+00 3.907985e-14 
560 5.026648e+00 4.618528e-14 
600 5.223132e+00 4.263256e-14 
640 5.287080e+00 4.440892e-14 
680 5.239442e+00 5.329071e-14 
720 5.042767e+00 4.973799e-14 
760 4.894970e+00 4.973799e-14 
800 4.684676e+00 4.973799e-14 
];
