version = 'MMult_4x4_11';
MY_MMult = [
40 2.844444e+00 2.664535e-15 
80 4.063492e+00 7.105427e-15 
120 6.595420e+00 1.065814e-14 
160 5.975201e+00 1.421085e-14 
200 5.818182e+00 2.131628e-14 
240 4.472339e+00 2.486900e-14 
280 5.921770e+00 2.842171e-14 
320 4.087060e+00 3.552714e-14 
360 5.533863e+00 4.973799e-14 
400 5.251067e+00 4.973799e-14 
440 5.596846e+00 4.973799e-14 
480 5.482451e+00 6.039613e-14 
520 5.170267e+00 6.394885e-14 
560 5.122315e+00 6.750156e-14 
600 3.468487e+00 7.460699e-14 
640 3.754892e+00 8.171241e-14 
680 5.566597e+00 9.237056e-14 
720 5.072304e+00 1.101341e-13 
760 4.552087e+00 1.065814e-13 
800 6.103812e+00 8.881784e-14 
];
