version = 'MMult0';
MY_MMult = [
40 1.306122e+00 0.000000e+00 
80 2.178723e+00 0.000000e+00 
120 2.130703e+00 0.000000e+00 
160 2.190374e+00 0.000000e+00 
200 2.195088e+00 0.000000e+00 
240 1.767210e+00 0.000000e+00 
280 1.830630e+00 0.000000e+00 
320 1.889027e+00 0.000000e+00 
360 2.080535e+00 0.000000e+00 
400 2.128296e+00 0.000000e+00 
440 2.143182e+00 0.000000e+00 
480 2.107056e+00 0.000000e+00 
520 1.996479e+00 0.000000e+00 
560 2.082942e+00 0.000000e+00 
600 2.098350e+00 0.000000e+00 
640 2.070713e+00 0.000000e+00 
680 2.053192e+00 0.000000e+00 
720 1.973943e+00 0.000000e+00 
760 1.962658e+00 0.000000e+00 
800 1.814509e+00 0.000000e+00 
];
