version = 'MMult_4x4_13';
MY_MMult = [
40 5.565217e+00 2.664535e-15 
80 6.023529e+00 7.105427e-15 
120 7.748879e+00 1.065814e-14 
160 4.009790e+00 1.421085e-14 
200 5.790807e+00 2.131628e-14 
240 6.788117e+00 2.486900e-14 
280 5.063314e+00 2.842171e-14 
320 5.077948e+00 3.552714e-14 
360 6.410993e+00 4.973799e-14 
400 6.655574e+00 4.973799e-14 
440 5.603473e+00 4.973799e-14 
480 5.695188e+00 6.039613e-14 
520 5.460187e+00 6.394885e-14 
560 6.314056e+00 6.750156e-14 
600 6.463583e+00 7.460699e-14 
640 6.017929e+00 8.171241e-14 
680 6.358649e+00 9.237056e-14 
720 6.211224e+00 1.101341e-13 
760 6.768889e+00 1.065814e-13 
800 5.822185e+00 8.881784e-14 
];
