version = 'MMult_4x4_12';
MY_MMult = [
40 3.200000e+00 2.664535e-15 
80 3.835206e+00 7.105427e-15 
120 5.112426e+00 1.065814e-14 
160 5.044335e+00 1.421085e-14 
200 4.906470e+00 2.131628e-14 
240 4.916074e+00 2.486900e-14 
280 3.679826e+00 2.842171e-14 
320 3.602661e+00 3.552714e-14 
360 4.496097e+00 4.973799e-14 
400 4.638185e+00 4.973799e-14 
440 3.050620e+00 4.973799e-14 
480 3.876612e+00 6.039613e-14 
520 4.082457e+00 6.394885e-14 
560 4.021295e+00 6.750156e-14 
600 4.367695e+00 7.460699e-14 
640 4.325702e+00 8.171241e-14 
680 4.320812e+00 9.237056e-14 
720 4.286905e+00 1.101341e-13 
760 4.225657e+00 1.065814e-13 
800 4.172541e+00 8.881784e-14 
];
