version = 'MMult1';
MY_MMult = [
40 2.327273e+00 0.000000e+00 
80 2.250549e+00 0.000000e+00 
120 2.174953e+00 0.000000e+00 
160 2.276820e+00 0.000000e+00 
200 2.001752e+00 0.000000e+00 
240 2.249085e+00 0.000000e+00 
280 2.175835e+00 0.000000e+00 
320 2.208905e+00 0.000000e+00 
360 2.185702e+00 0.000000e+00 
400 2.252609e+00 0.000000e+00 
440 2.190975e+00 0.000000e+00 
480 2.108362e+00 0.000000e+00 
520 2.235972e+00 0.000000e+00 
560 2.235651e+00 0.000000e+00 
600 2.225944e+00 0.000000e+00 
640 2.229950e+00 0.000000e+00 
680 2.212884e+00 0.000000e+00 
720 2.098125e+00 0.000000e+00 
760 2.091428e+00 0.000000e+00 
800 1.849444e+00 0.000000e+00 
];
