version = 'MMult_1x4_3';
MY_MMult = [
40 2.245614e+00 0.000000e+00 
80 2.206897e+00 0.000000e+00 
120 2.190114e+00 0.000000e+00 
160 1.973025e+00 0.000000e+00 
200 2.135896e+00 0.000000e+00 
240 1.975280e+00 0.000000e+00 
280 2.099565e+00 0.000000e+00 
320 2.224047e+00 0.000000e+00 
360 2.294031e+00 0.000000e+00 
400 2.254553e+00 0.000000e+00 
440 2.200824e+00 0.000000e+00 
480 2.168534e+00 0.000000e+00 
520 2.249782e+00 0.000000e+00 
560 2.234187e+00 0.000000e+00 
600 2.233759e+00 0.000000e+00 
640 2.203270e+00 0.000000e+00 
680 2.194429e+00 0.000000e+00 
720 2.101048e+00 0.000000e+00 
760 2.101550e+00 0.000000e+00 
800 1.783040e+00 0.000000e+00 
];
