version = 'MMult_4x4_8';
MY_MMult = [
40 4.000000e+00 2.664535e-15 
80 4.740741e+00 7.105427e-15 
120 4.277228e+00 1.065814e-14 
160 4.989038e+00 1.421085e-14 
200 3.757633e+00 1.421085e-14 
240 4.638148e+00 1.776357e-14 
280 4.373344e+00 1.776357e-14 
320 3.499920e+00 2.842171e-14 
360 3.037401e+00 2.309264e-14 
400 3.489640e+00 2.842171e-14 
440 3.725601e+00 3.197442e-14 
480 3.345848e+00 3.907985e-14 
520 3.447753e+00 3.907985e-14 
560 3.952111e+00 4.618528e-14 
600 3.682833e+00 4.263256e-14 
640 3.987193e+00 4.440892e-14 
680 3.110017e+00 5.329071e-14 
720 4.087321e+00 4.973799e-14 
760 3.714784e+00 4.973799e-14 
800 3.353485e+00 4.973799e-14 
];
