version = 'MMult_4x4_4';
MY_MMult = [
40 1.438202e+00 0.000000e+00 
80 1.428173e+00 0.000000e+00 
120 1.342657e+00 0.000000e+00 
160 1.727906e+00 0.000000e+00 
200 1.614857e+00 0.000000e+00 
240 1.647872e+00 0.000000e+00 
280 1.526299e+00 0.000000e+00 
320 1.207391e+00 0.000000e+00 
360 1.505785e+00 0.000000e+00 
400 1.336787e+00 0.000000e+00 
440 1.316142e+00 0.000000e+00 
480 1.432771e+00 0.000000e+00 
520 1.387816e+00 0.000000e+00 
560 1.475071e+00 0.000000e+00 
600 1.394633e+00 0.000000e+00 
640 1.476697e+00 0.000000e+00 
680 1.418069e+00 0.000000e+00 
720 1.462645e+00 0.000000e+00 
760 1.453979e+00 0.000000e+00 
800 1.056707e+00 0.000000e+00 
];
