version = 'MMult_4x4_5';
MY_MMult = [
40 2.509804e+00 0.000000e+00 
80 1.872029e+00 0.000000e+00 
120 2.606335e+00 0.000000e+00 
160 2.266740e+00 0.000000e+00 
200 2.496879e+00 0.000000e+00 
240 2.029062e+00 0.000000e+00 
280 2.563588e+00 0.000000e+00 
320 1.984857e+00 0.000000e+00 
360 1.809143e+00 0.000000e+00 
400 2.216872e+00 0.000000e+00 
440 1.847649e+00 0.000000e+00 
480 1.834730e+00 0.000000e+00 
520 2.172424e+00 0.000000e+00 
560 2.148129e+00 0.000000e+00 
600 2.008957e+00 0.000000e+00 
640 2.218438e+00 0.000000e+00 
680 2.204892e+00 0.000000e+00 
720 2.247595e+00 0.000000e+00 
760 2.081560e+00 0.000000e+00 
800 2.077193e+00 0.000000e+00 
];
