version = 'MMult_1x4_9';
MY_MMult = [
40 4.000000e+00 2.664535e-15 
80 4.675799e+00 7.105427e-15 
120 5.857627e+00 1.065814e-14 
160 4.459445e+00 1.421085e-14 
200 4.483048e+00 1.421085e-14 
240 4.573697e+00 1.776357e-14 
280 4.803501e+00 1.776357e-14 
320 4.714481e+00 2.842171e-14 
360 3.867374e+00 2.309264e-14 
400 3.114355e+00 2.842171e-14 
440 4.056864e+00 3.197442e-14 
480 3.641069e+00 3.907985e-14 
520 3.441088e+00 3.907985e-14 
560 4.127286e+00 4.618528e-14 
600 4.172542e+00 4.263256e-14 
640 4.159530e+00 4.440892e-14 
680 3.991748e+00 5.329071e-14 
720 3.655155e+00 4.973799e-14 
760 3.030096e+00 4.973799e-14 
800 2.997851e+00 4.973799e-14 
];
