version = 'MMult_1x4_6';
MY_MMult = [
40 2.666667e+00 2.664535e-15 
80 3.893536e+00 7.105427e-15 
120 4.663968e+00 1.065814e-14 
160 5.653554e+00 1.421085e-14 
200 4.051659e+00 1.421085e-14 
240 3.145035e+00 1.776357e-14 
280 3.268126e+00 1.776357e-14 
320 2.991282e+00 2.842171e-14 
360 3.740260e+00 2.309264e-14 
400 4.265671e+00 2.842171e-14 
440 2.680681e+00 3.197442e-14 
480 3.808855e+00 3.907985e-14 
520 3.642034e+00 3.907985e-14 
560 3.961606e+00 4.618528e-14 
600 3.954740e+00 4.263256e-14 
640 4.051841e+00 4.440892e-14 
680 4.267796e+00 5.329071e-14 
720 3.837809e+00 4.973799e-14 
760 3.702564e+00 4.973799e-14 
800 3.153457e+00 4.973799e-14 
];
