version = 'MMult_4x4_14';
MY_MMult = [
40 4.571429e+00 2.664535e-15 
80 6.360248e+00 7.105427e-15 
120 5.158209e+00 1.065814e-14 
160 5.497987e+00 1.421085e-14 
200 3.956479e+00 2.131628e-14 
240 7.347329e+00 2.486900e-14 
280 6.287269e+00 2.842171e-14 
320 4.599340e+00 3.552714e-14 
360 5.670394e+00 4.973799e-14 
400 6.088859e+00 4.973799e-14 
440 6.825368e+00 4.973799e-14 
480 5.603425e+00 6.039613e-14 
520 4.829069e+00 6.394885e-14 
560 5.282081e+00 6.750156e-14 
600 5.736823e+00 7.460699e-14 
640 5.152758e+00 8.171241e-14 
680 5.574492e+00 9.237056e-14 
720 5.540106e+00 1.101341e-13 
760 5.690862e+00 1.065814e-13 
800 5.589184e+00 8.881784e-14 
];
