version = 'MMult_1x4_8';
MY_MMult = [
40 4.413793e+00 2.664535e-15 
80 4.612613e+00 7.105427e-15 
120 4.505867e+00 1.065814e-14 
160 3.382329e+00 1.421085e-14 
200 3.256666e+00 1.421085e-14 
240 5.028738e+00 1.776357e-14 
280 4.762855e+00 1.776357e-14 
320 4.608396e+00 2.842171e-14 
360 3.425299e+00 2.309264e-14 
400 3.972318e+00 2.842171e-14 
440 4.015556e+00 3.197442e-14 
480 3.518229e+00 3.907985e-14 
520 3.560327e+00 3.907985e-14 
560 3.796733e+00 4.618528e-14 
600 3.927630e+00 4.263256e-14 
640 4.100260e+00 4.440892e-14 
680 4.081677e+00 5.329071e-14 
720 3.657698e+00 4.973799e-14 
760 3.600185e+00 4.973799e-14 
800 2.887818e+00 4.973799e-14 
];
