version = 'MMult_4x4_7';
MY_MMult = [
40 3.764706e+00 2.664535e-15 
80 4.129032e+00 7.105427e-15 
120 4.374684e+00 1.065814e-14 
160 4.380749e+00 1.421085e-14 
200 4.398021e+00 1.421085e-14 
240 4.327438e+00 1.776357e-14 
280 4.599686e+00 1.776357e-14 
320 3.753494e+00 2.842171e-14 
360 3.692892e+00 2.309264e-14 
400 3.242394e+00 2.842171e-14 
440 3.890835e+00 3.197442e-14 
480 3.527993e+00 3.907985e-14 
520 3.649691e+00 3.907985e-14 
560 4.135790e+00 4.618528e-14 
600 4.158124e+00 4.263256e-14 
640 4.236260e+00 4.440892e-14 
680 4.165959e+00 5.329071e-14 
720 4.049561e+00 4.973799e-14 
760 3.753552e+00 4.973799e-14 
800 3.254275e+00 4.973799e-14 
];
