version = 'MMult2';
MY_MMult = [
40 1.802817e+00 0.000000e+00 
80 2.188034e+00 0.000000e+00 
120 1.853083e+00 0.000000e+00 
160 2.122280e+00 0.000000e+00 
200 2.082249e+00 0.000000e+00 
240 2.161689e+00 0.000000e+00 
280 1.982748e+00 0.000000e+00 
320 2.227525e+00 0.000000e+00 
360 2.223514e+00 0.000000e+00 
400 2.243292e+00 0.000000e+00 
440 2.191905e+00 0.000000e+00 
480 2.135847e+00 0.000000e+00 
520 2.233522e+00 0.000000e+00 
560 2.225593e+00 0.000000e+00 
600 2.160681e+00 0.000000e+00 
640 2.207352e+00 0.000000e+00 
680 2.187018e+00 0.000000e+00 
720 2.079706e+00 0.000000e+00 
760 2.116837e+00 0.000000e+00 
800 1.912503e+00 0.000000e+00 
];
