version = 'MMult_4x4_3';
MY_MMult = [
40 1.142857e+00 0.000000e+00 
80 1.284818e+00 0.000000e+00 
120 1.419885e+00 0.000000e+00 
160 1.491896e+00 0.000000e+00 
200 1.448488e+00 0.000000e+00 
240 1.658051e+00 0.000000e+00 
280 1.421578e+00 0.000000e+00 
320 1.214709e+00 0.000000e+00 
360 1.466340e+00 0.000000e+00 
400 1.196899e+00 0.000000e+00 
440 1.287857e+00 0.000000e+00 
480 1.411233e+00 0.000000e+00 
520 1.334346e+00 0.000000e+00 
560 1.340555e+00 0.000000e+00 
600 1.344550e+00 0.000000e+00 
640 1.358421e+00 0.000000e+00 
680 1.234749e+00 0.000000e+00 
720 1.247816e+00 0.000000e+00 
760 1.314225e+00 0.000000e+00 
800 1.116937e+00 0.000000e+00 
];
