version = 'MMult_1x4_5';
MY_MMult = [
40 1.706667e+00 0.000000e+00 
80 2.169492e+00 0.000000e+00 
120 2.215385e+00 0.000000e+00 
160 2.610580e+00 0.000000e+00 
200 1.930269e+00 0.000000e+00 
240 1.709727e+00 0.000000e+00 
280 1.534998e+00 0.000000e+00 
320 1.923005e+00 0.000000e+00 
360 1.989298e+00 0.000000e+00 
400 1.703532e+00 0.000000e+00 
440 1.658422e+00 0.000000e+00 
480 1.751828e+00 0.000000e+00 
520 1.774021e+00 0.000000e+00 
560 1.870235e+00 0.000000e+00 
600 1.937089e+00 0.000000e+00 
640 1.970578e+00 0.000000e+00 
680 1.898234e+00 0.000000e+00 
720 1.833778e+00 0.000000e+00 
760 1.675993e+00 0.000000e+00 
800 1.706621e+00 0.000000e+00 
];
